 >> Number of Processors =   1
 
 iter    objective      ||grad||        inf_pr          inf_du         lg(mu)
    0  0.6112312E+01  0.0000000E+00  0.6058740E-01  0.1266052E+01  0.1000000E+01
    1  0.4317631E+01  0.7557761E+00  0.2341687E+00  0.7185519E+00  0.9394956E-02
    2  0.1886905E+01  0.2011195E+01  0.1882061E+01  0.4295555E+01  0.2028187E-01
    3  0.2923679E+01  0.1271647E+01  0.4481629E+00  0.8258760E+00  0.1120110E+00
    4  0.3207203E+01  0.9774482E+00  0.1214328E+00  0.3280047E+00  0.8839608E-01
    5  0.3380951E+01  0.6878370E+00  0.2791628E-01  0.1811610E+00  0.7790478E-02
    6  0.3394803E+01  0.2571800E+00  0.5722600E-02  0.5425376E-01  0.7506988E-03
    7  0.3407181E+01  0.3369625E-01  0.3546695E-03  0.1475531E-01  0.4685950E-04
    8  0.3406281E+01  0.3114102E-02  0.1844765E-03  0.1313266E-02  0.8513765E-06
    9  0.3406228E+01  0.4215007E-03  0.4238116E-04  0.3892488E-03  0.6545739E-08
   10  0.3406240E+01  0.4679195E-03  0.3305907E-04  0.6369891E-04  0.1000000E-10
   11  0.3406905E+01  0.7403513E-02  0.3508678E-05  0.1361283E-02  0.1000000E-10
   12  0.3406113E+01  0.1128570E-01  0.1800100E-03  0.2964738E-03  0.1000000E-10
   13  0.3406316E+01  0.1269574E-03  0.7761862E-04  0.4583571E-03  0.1000000E-10
   14  0.3406233E+01  0.3241772E-03  0.1373033E-04  0.7415919E-04  0.1000000E-10
   15  0.3406240E+01  0.2646065E-03  0.1204466E-04  0.7527899E-04  0.1000000E-10
   16  0.3406343E+01  0.1245952E-02  0.2136169E-05  0.1045198E-03  0.1000000E-10
   17  0.3406342E+01  0.1119662E-02  0.7215455E-04  0.1186474E-03  0.1000000E-10
   18  0.3406251E+01  0.1322923E-02  0.4321420E-04  0.8261269E-04  0.1000000E-10
   19  0.3406190E+01  0.5316656E-03  0.3970564E-04  0.1364665E-03  0.1000000E-10
   20  0.3406244E+01  0.7024490E-03  0.2442401E-04  0.1018441E-03  0.1000000E-10
   21  0.3406284E+01  0.1139869E-03  0.1493011E-04  0.7902204E-04  0.1000000E-10
   22  0.3406191E+01  0.9903169E-03  0.1639665E-04  0.7481260E-04  0.1000000E-10
   23  0.3406166E+01  0.5185260E-03  0.2343581E-04  0.3608537E-04  0.1000000E-10
   24  0.3406240E+01  0.4544871E-03  0.2268918E-04  0.2050453E-04  0.1000000E-10
   25  0.3406267E+01  0.2914854E-04  0.1332162E-04  0.2511872E-04  0.1000000E-10
 
 The solution was found.
 
 The final value of the objective function is    3.40626749071857     
 
 The optimal values of X are:
 
 X  (           1 ) =   0.541358319748443     
 X  (           2 ) =   0.907330449876255     
 X  (           3 ) =    7.58835566202192     
 
 The multipliers for the equality constraints are:
 
 LAM(           1 ) =    2.56962660470058     
 LAM(           2 ) =   0.914760974418883     
 LAM(           3 ) =   1.089904848492824E-011
 
 Weight and its variance:   3.40572640894444       5.410817741360319E-004
