 >> Number of Processors =   8
 
 iter    objective      ||grad||        inf_pr          inf_du         lg(mu)
    0  0.6284057E+01  0.0000000E+00  0.1462676E+00  0.1244874E+01  0.1000000E+01
    1  0.4972434E+01  0.7233974E+00  0.8128983E-01  0.6477209E+00  0.9386136E-02
    2  0.3540849E+01  0.1360564E+01  0.1799225E+00  0.5216004E+00  0.1534596E-01
    3  0.3523170E+01  0.1133731E+01  0.5278306E-01  0.3882380E+00  0.8180833E-03
    4  0.3527806E+01  0.8108844E+00  0.9763798E-02  0.5784828E-01  0.1303687E-02
    5  0.3539602E+01  0.3164986E+00  0.5914444E-03  0.1878745E-01  0.9259494E-04
    6  0.3539257E+01  0.8338491E-01  0.1319947E-02  0.4173492E-02  0.1415260E-05
    7  0.3535475E+01  0.1653960E-01  0.1207509E-02  0.2653935E-02  0.1838624E-07
    8  0.3535834E+01  0.6472522E-02  0.4879185E-03  0.6652213E-02  0.1780411E-09
    9  0.3534582E+01  0.8271871E-03  0.6166354E-03  0.8583192E-02  0.1000000E-10
   10  0.3536433E+01  0.3341539E-02  0.1173040E-03  0.5325500E-02  0.1000000E-10
   11  0.3536240E+01  0.4658048E-02  0.6180639E-03  0.8361537E-02  0.1000000E-10
   12  0.3535313E+01  0.1239928E-01  0.1701442E-03  0.1087797E-02  0.1000000E-10
   13  0.3535146E+01  0.6450350E-02  0.4659580E-03  0.1671083E-01  0.1000000E-10
   14  0.3534051E+01  0.2783245E-01  0.8039499E-03  0.3665932E-01  0.1000000E-10
   15  0.3533006E+01  0.4401272E-02  0.8659115E-03  0.1231060E-01  0.1000000E-10
   16  0.3536058E+01  0.1415072E-01  0.3029286E-03  0.1857242E-01  0.1000000E-10
   17  0.3535044E+01  0.3056326E-02  0.1797822E-03  0.5872751E-02  0.1000000E-10
   18  0.3535289E+01  0.1057723E-01  0.2777298E-03  0.8709459E-02  0.1000000E-10
   19  0.3534203E+01  0.1861429E-02  0.3999069E-03  0.8896160E-02  0.1000000E-10
   20  0.3534057E+01  0.1127870E-02  0.2542903E-03  0.1223483E-01  0.1000000E-10
   21  0.3535520E+01  0.1331323E-02  0.1700798E-03  0.5289248E-02  0.1000000E-10
   22  0.3534706E+01  0.1009545E-02  0.3993370E-03  0.4890354E-02  0.1000000E-10
   23  0.3535320E+01  0.2273157E-03  0.2444644E-03  0.9041600E-02  0.1000000E-10
   24  0.3534239E+01  0.1486630E-02  0.4821384E-03  0.1142441E-01  0.1000000E-10
   25  0.3535429E+01  0.1316068E-02  0.3499263E-03  0.1269536E-01  0.1000000E-10
   26  0.3534877E+01  0.9434854E-03  0.3689247E-03  0.6484078E-02  0.1000000E-10
   27  0.3535299E+01  0.1498233E-02  0.3976853E-03  0.1811258E-01  0.1000000E-10
   28  0.3535796E+01  0.1089587E-02  0.5523961E-04  0.4468135E-02  0.1000000E-10
   29  0.3533912E+01  0.1026058E-03  0.3184517E-03  0.2333247E-02  0.1000000E-10
   30  0.3535543E+01  0.4970007E-03  0.2262964E-03  0.3173844E-02  0.1000000E-10
   31  0.3535903E+01  0.3902530E-03  0.4793916E-04  0.1166577E-01  0.1000000E-10
   32  0.3535866E+01  0.8030175E-04  0.8455758E-03  0.1312227E-01  0.1000000E-10
 
 The solution was found.
 
 The final value of the objective function is    3.53586562218802     
 
 The optimal values of X are:
 
 X  (           1 ) =   0.659648541640324     
 X  (           2 ) =    1.04679753180953     
 X  (           3 ) =    6.44811033262213     
 
 The multipliers for the equality constraints are:
 
 LAM(           1 ) =    2.04175481308355     
 LAM(           2 ) =   0.800712626514870     
 LAM(           3 ) =   1.074797548373391E-011
 
 Weight and its variance:   3.36063817145484       0.175227450733185     
